version https://git-lfs.github.com/spec/v1
oid sha256:d53ec82d2359382f3fec3ebdeb51a3ee9dcc58fb29a039675c4ab0f1b3cb414d
size 647942
